01 0 0 0 0 0 0
02 0 0 0 0 0 1
03 0 0 0 0 1 0
04 0 0 0 0 1 1
05 0 0 0 1 0 0
06 0 0 0 1 0 1
07 0 0 0 1 1 0
08 0 0 0 1 1 1
09 0 0 1 0 0 0
10 0 0 1 0 0 1
11 0 0 1 0 1 0
12 0 0 1 0 1 1
13 0 0 1 1 0 0
14 0 0 1 1 0 1
15 0 0 1 1 1 0
16 0 0 1 1 1 1
17 0 1 0 0 0 0
18 0 1 0 0 0 1
19 0 1 0 0 1 0
20 0 1 0 0 1 1
21 0 1 0 1 0 0
22 0 1 0 1 0 1
23 0 1 0 1 1 0
24 0 1 0 1 1 1
25 0 1 1 0 0 0
26 0 1 1 0 0 1
27 0 1 1 0 1 0
28 0 1 1 0 1 1
29 0 1 1 1 0 0
30 0 1 1 1 0 1
31 0 1 1 1 1 0
32 0 1 1 1 1 1
33 1 0 0 0 0 0
34 1 0 0 0 0 1
35 1 0 0 0 1 0
36 1 0 0 0 1 1
37 1 0 0 1 0 0
38 1 0 0 1 0 1
39 1 0 0 1 1 0
40 1 0 0 1 1 1
41 1 0 1 0 0 0
42 1 0 1 0 0 1
43 1 0 1 0 1 0
44 1 0 1 0 1 1
45 1 0 1 1 0 0
46 1 0 1 1 0 1
47 1 0 1 1 1 0
48 1 0 1 1 1 1
49 1 1 0 0 0 0
50 1 1 0 0 0 1
51 1 1 0 0 1 0
52 1 1 0 0 1 1
53 1 1 0 1 0 0
54 1 1 0 1 0 1
55 1 1 0 1 1 0
56 1 1 0 1 1 1
57 1 1 1 0 0 0
58 1 1 1 0 0 1
59 1 1 1 0 1 0
60 1 1 1 0 1 1
61 1 1 1 1 0 0
62 1 1 1 1 0 1
63 1 1 1 1 1 0
64 1 1 1 1 1 1
